300.0, 1.109
300.2, 1.265
300.4, 1.145
300.6, 1.098
300.8, 1.284
301.0, 1.498
301.2, 2.315
301.4, 2.244
301.6, 2.085
301.8, 1.656
302.0, 1.291
302.2, 1.310
302.4, 1.363
302.6, 1.027
302.8, 1.443
303.0, 1.572
303.2, 1.383
303.4, 1.437
303.6, 1.926
303.8, 1.869
304.0, 1.462
304.2, 1.667
304.4, 1.569
304.6, 1.460
304.8, 1.156
305.0, 0.920
305.2, 0.985
305.4, 1.167
305.6, 1.528
305.8, 1.502
306.0, 1.666
306.2, 1.379
306.4, 1.827
306.6, 1.707
306.8, 1.712
307.0, 1.810
307.2, 1.630
307.4, 1.997
307.6, 2.013
307.8, 1.473
308.0, 1.772
308.2, 1.531
308.4, 1.337
308.6, 1.354
308.8, 1.416
309.0, 1.520
309.2, 2.164
309.4, 2.218
309.6, 1.615
309.8, 1.502
310.0, 1.742
310.2, 1.448
310.4, 1.429
310.6, 1.993
310.8, 1.736
311.0, 1.813
311.2, 1.671
311.4, 1.769
311.6, 1.655
311.8, 1.594
312.0, 1.497
312.2, 1.845
312.4, 1.674
312.6, 1.816
312.8, 1.915
313.0, 1.591
313.2, 2.104
313.4, 2.075
313.6, 1.716
313.8, 1.703
314.0, 1.692
314.2, 2.382
314.4, 2.008
314.6, 1.486
314.8, 1.263
315.0, 1.680
315.2, 1.598
315.4, 1.786
315.6, 1.463
315.8, 1.661
316.0, 1.676
316.2, 2.036
316.4, 2.141
316.6, 1.798
316.8, 1.613
317.0, 1.416
317.2, 1.257
317.4, 1.165
317.6, 1.350
317.8, 1.554
318.0, 1.464
318.2, 1.474
318.4, 1.727
318.6, 1.849
318.8, 1.811
319.0, 2.135
319.2, 1.601
319.4, 1.333
319.6, 1.655
319.8, 1.923
320.0, 1.777
320.2, 1.742
320.4, 1.651
320.6, 1.881
320.8, 2.050
321.0, 1.736
321.2, 2.041
321.4, 2.144
321.6, 2.115
321.8, 1.912
322.0, 1.654
322.2, 1.593
322.4, 1.457
322.6, 1.675
322.8, 1.686
323.0, 1.495
323.2, 1.559
323.4, 1.416
323.6, 1.087
323.8, 1.076
324.0, 1.196
324.2, 1.309
324.4, 1.292
324.6, 1.159
324.8, 1.046
325.0, 1.117
325.2, 1.236
325.4, 1.254
325.6, 1.385
325.8, 1.810
326.0, 1.722
326.2, 1.642
326.4, 1.516
326.6, 1.684
326.8, 1.406
327.0, 1.123
327.2, 0.947
327.4, 1.281
327.6, 1.413
327.8, 1.149
328.0, 1.213
328.2, 1.397
328.4, 1.554
328.6, 1.878
328.8, 1.577
329.0, 1.270
329.2, 1.433
329.4, 1.544
329.6, 1.355
329.8, 1.228
330.0, 1.578
330.2, 1.445
330.4, 1.726
330.6, 1.707
330.8, 1.417
331.0, 1.099
331.2, 1.065
331.4, 0.846
331.6, 1.259
331.8, 0.975
332.0, 1.047
332.2, 1.574
332.4, 1.411
332.6, 1.266
332.8, 1.497
333.0, 1.454
333.2, 1.754
333.4, 1.435
333.6, 1.232
333.8, 1.341
334.0, 1.673
334.2, 1.620
334.4, 1.568
334.6, 1.632
334.8, 1.801
335.0, 1.737
335.2, 1.732
335.4, 1.896
335.6, 1.486
335.8, 1.917
336.0, 1.956
336.2, 2.185
336.4, 2.214
336.6, 2.434
336.8, 2.264
337.0, 2.255
337.2, 1.887
337.4, 1.982
337.6, 2.507
337.8, 2.292
338.0, 2.006
338.2, 2.173
338.4, 2.098
338.6, 2.202
338.8, 2.425
339.0, 2.514
339.2, 2.388
339.4, 3.467
339.6, 3.261
339.8, 3.927
340.0, 3.654
340.2, 3.560
340.4, 3.263
340.6, 2.802
340.8, 2.831
341.0, 2.785
341.2, 3.153
341.4, 3.435
341.6, 4.034
341.8, 4.030
342.0, 4.554
342.2, 4.589
342.4, 4.596
342.6, 4.260
342.8, 4.412
343.0, 5.050
343.2, 5.415
343.4, 6.159
343.6, 6.363
343.8, 7.526
344.0, 7.435
344.2, 8.159
344.4, 8.403
344.6, 8.370
344.8, 9.323
345.0, 10.03
345.2, 10.12
345.4, 11.04
345.6, 12.17
345.8, 13.07
346.0, 13.50
346.2, 13.76
346.4, 15.15
346.6, 16.40
346.8, 16.95
347.0, 17.96
347.2, 18.78
347.4, 19.81
347.6, 20.95
347.8, 22.93
348.0, 23.92
348.2, 25.69
348.4, 27.71
348.6, 29.95
348.8, 31.68
349.0, 33.88
349.2, 36.06
349.4, 38.11
349.6, 39.65
349.8, 42.27
350.0, 45.45
350.2, 47.99
350.4, 50.81
350.6, 54.46
350.8, 57.10
351.0, 61.21
351.2, 63.64
351.4, 68.40
351.6, 71.98
351.8, 77.04
352.0, 82.38
352.2, 86.29
352.4, 88.97
352.6, 93.66
352.8, 98.04
353.0, 105.4
353.2, 112.0
353.4, 118.2
353.6, 123.0
353.8, 128.7
354.0, 135.1
354.2, 139.8
354.4, 145.0
354.6, 150.3
354.8, 156.3
355.0, 163.2
355.2, 171.0
355.4, 177.2
355.6, 183.0
355.8, 190.6
356.0, 195.7
356.2, 202.3
356.4, 210.4
356.6, 218.1
356.8, 224.2
357.0, 231.8
357.2, 238.3
357.4, 244.1
357.6, 250.3
357.8, 255.8
358.0, 261.5
358.2, 268.2
358.4, 274.8
358.6, 281.0
358.8, 285.9
359.0, 289.6
359.2, 298.2
359.4, 301.5
359.6, 303.9
359.8, 309.4
360.0, 314.8
360.2, 318.7
360.4, 323.5
360.6, 326.8
360.8, 327.5
361.0, 331.3
361.2, 335.3
361.4, 339.3
361.6, 343.1
361.8, 343.5
362.0, 344.7
362.2, 347.6
362.4, 347.4
362.6, 350.7
362.8, 352.2
363.0, 353.8
363.2, 354.4
363.4, 355.4
363.6, 357.2
363.8, 357.9
364.0, 356.2
364.2, 356.4
364.4, 356.6
364.6, 356.5
364.8, 354.9
365.0, 356.2
365.2, 356.6
365.4, 356.8
365.6, 358.2
365.8, 355.1
366.0, 355.6
366.2, 358.0
366.4, 359.9
366.6, 362.8
366.8, 359.9
367.0, 358.5
367.2, 358.3
367.4, 358.8
367.6, 360.9
367.8, 363.9
368.0, 362.6
368.2, 362.6
368.4, 362.0
368.6, 361.2
368.8, 363.3
369.0, 366.5
369.2, 369.0
369.4, 369.3
369.6, 370.1
369.8, 371.2
370.0, 373.3
370.2, 376.3
370.4, 380.6
370.6, 386.9
370.8, 387.7
371.0, 391.7
371.2, 395.3
371.4, 398.9
371.6, 401.6
371.8, 406.8
372.0, 411.9
372.2, 415.0
372.4, 417.9
372.6, 424.8
372.8, 426.8
373.0, 431.2
373.2, 437.1
373.4, 440.0
373.6, 446.4
373.8, 449.4
374.0, 452.3
374.2, 458.7
374.4, 461.7
374.6, 467.9
374.8, 473.1
375.0, 483.9
375.2, 486.5
375.4, 491.9
375.6, 496.2
375.8, 501.1
376.0, 509.9
376.2, 513.9
376.4, 516.3
376.6, 521.2
376.8, 526.9
377.0, 533.1
377.2, 538.7
377.4, 544.2
377.6, 549.1
377.8, 552.9
378.0, 560.3
378.2, 567.1
378.4, 570.3
378.6, 572.8
378.8, 583.2
379.0, 589.6
379.2, 594.7
379.4, 600.8
379.6, 608.5
379.8, 613.6
380.0, 620.8
380.2, 627.5
380.4, 629.7
380.6, 636.3
380.8, 644.7
381.0, 651.9
381.2, 656.3
381.4, 664.4
381.6, 671.4
381.8, 677.0
382.0, 684.7
382.2, 692.0
382.4, 701.2
382.6, 711.4
382.8, 719.6
383.0, 726.7
383.2, 741.4
383.4, 754.0
383.6, 761.3
383.8, 771.6
384.0, 783.1
384.2, 790.5
384.4, 801.6
384.6, 813.0
384.8, 823.7
385.0, 842.0
385.2, 857.7
385.4, 868.6
385.6, 876.5
385.8, 893.2
386.0, 903.8
386.2, 922.6
386.4, 935.7
386.6, 946.9
386.8, 961.9
387.0, 979.7
387.2, 993.9
387.4, 1011
387.6, 1030
387.8, 1045
388.0, 1064
388.2, 1087
388.4, 1105
388.6, 1129
388.8, 1149
389.0, 1178
389.2, 1199
389.4, 1222
389.6, 1236
389.8, 1266
390.0, 1289
390.2, 1312
390.4, 1339
390.6, 1361
390.8, 1384
391.0, 1410
391.2, 1440
391.4, 1470
391.6, 1487
391.8, 1515
392.0, 1527
392.2, 1561
392.4, 1587
392.6, 1612
392.8, 1634
393.0, 1665
393.2, 1691
393.4, 1714
393.6, 1730
393.8, 1753
394.0, 1770
394.2, 1795
394.4, 1821
394.6, 1844
394.8, 1864
395.0, 1889
395.2, 1914
395.4, 1934
395.6, 1946
395.8, 1963
396.0, 1987
396.2, 2007
396.4, 2019
396.6, 2034
396.8, 2051
397.0, 2063
397.2, 2079
397.4, 2090
397.6, 2105
397.8, 2118
398.0, 2124
398.2, 2132
398.4, 2133
398.6, 2130
398.8, 2147
399.0, 2148
399.2, 2161
399.4, 2162
399.6, 2159
399.8, 2164
400.0, 2154
400.2, 2151
400.4, 2150
400.6, 2144
400.8, 2135
401.0, 2134
401.2, 2130
401.4, 2119
401.6, 2109
401.8, 2107
402.0, 2105
402.2, 2092
402.4, 2082
402.6, 2073
402.8, 2060
403.0, 2042
403.2, 2041
403.4, 2031
403.6, 2020
403.8, 2008
404.0, 1999
404.2, 1979
404.4, 1968
404.6, 1957
404.8, 1949
405.0, 1936
405.2, 1925
405.4, 1908
405.6, 1892
405.8, 1874
406.0, 1873
406.2, 1860
406.4, 1844
406.6, 1833
406.8, 1827
407.0, 1820
407.2, 1807
407.4, 1800
407.6, 1796
407.8, 1782
408.0, 1762
408.2, 1760
408.4, 1751
408.6, 1743
408.8, 1742
409.0, 1737
409.2, 1733
409.4, 1728
409.6, 1728
409.8, 1721
410.0, 1711
410.2, 1706
410.4, 1708
410.6, 1703
410.8, 1706
411.0, 1702
411.2, 1704
411.4, 1703
411.6, 1709
411.8, 1705
412.0, 1701
412.2, 1707
412.4, 1705
412.6, 1708
412.8, 1719
413.0, 1719
413.2, 1724
413.4, 1729
413.6, 1730
413.8, 1740
414.0, 1741
414.2, 1750
414.4, 1757
414.6, 1765
414.8, 1773
415.0, 1770
415.2, 1769
415.4, 1772
415.6, 1772
415.8, 1780
416.0, 1786
416.2, 1788
416.4, 1799
416.6, 1805
416.8, 1806
417.0, 1809
417.2, 1809
417.4, 1815
417.6, 1820
417.8, 1816
418.0, 1817
418.2, 1830
418.4, 1831
418.6, 1837
418.8, 1828
419.0, 1836
419.2, 1846
419.4, 1851
419.6, 1846
419.8, 1842
420.0, 1835
420.2, 1841
420.4, 1845
420.6, 1845
420.8, 1841
421.0, 1844
421.2, 1847
421.4, 1843
421.6, 1843
421.8, 1847
422.0, 1841
422.2, 1838
422.4, 1833
422.6, 1822
422.8, 1816
423.0, 1812
423.2, 1811
423.4, 1803
423.6, 1794
423.8, 1789
424.0, 1772
424.2, 1774
424.4, 1765
424.6, 1756
424.8, 1737
425.0, 1728
425.2, 1720
425.4, 1716
425.6, 1705
425.8, 1697
426.0, 1677
426.2, 1676
426.4, 1661
426.6, 1650
426.8, 1645
427.0, 1641
427.2, 1631
427.4, 1620
427.6, 1609
427.8, 1596
428.0, 1579
428.2, 1567
428.4, 1553
428.6, 1539
428.8, 1531
429.0, 1508
429.2, 1494
429.4, 1483
429.6, 1476
429.8, 1464
430.0, 1450
430.2, 1435
430.4, 1425
430.6, 1406
430.8, 1391
431.0, 1378
431.2, 1370
431.4, 1354
431.6, 1343
431.8, 1330
432.0, 1317
432.2, 1308
432.4, 1297
432.6, 1291
432.8, 1278
433.0, 1262
433.2, 1251
433.4, 1235
433.6, 1224
433.8, 1219
434.0, 1209
434.2, 1198
434.4, 1184
434.6, 1174
434.8, 1165
435.0, 1152
435.2, 1143
435.4, 1136
435.6, 1126
435.8, 1115
436.0, 1110
436.2, 1102
436.4, 1097
436.6, 1093
436.8, 1089
437.0, 1082
437.2, 1075
437.4, 1062
437.6, 1061
437.8, 1053
438.0, 1049
438.2, 1041
438.4, 1036
438.6, 1031
438.8, 1022
439.0, 1018
439.2, 1015
439.4, 1008
439.6, 1005
439.8, 1002
440.0, 1003
440.2, 996.5
440.4, 989.3
440.6, 992.3
440.8, 987.6
441.0, 983.7
441.2, 974.8
441.4, 970.3
441.6, 970.6
441.8, 966.0
442.0, 960.4
442.2, 961.2
442.4, 960.8
442.6, 960.7
442.8, 962.7
443.0, 964.5
443.2, 957.9
443.4, 947.2
443.6, 941.7
443.8, 939.2
444.0, 935.7
444.2, 928.2
444.4, 929.2
444.6, 928.9
444.8, 925.4
445.0, 925.6
445.2, 923.9
445.4, 917.5
445.6, 914.8
445.8, 910.9
446.0, 906.9
446.2, 905.7
446.4, 903.5
446.6, 904.0
446.8, 899.6
447.0, 897.3
447.2, 895.6
447.4, 895.1
447.6, 893.0
447.8, 887.7
448.0, 882.4
448.2, 878.2
448.4, 877.7
448.6, 872.1
448.8, 873.0
449.0, 865.3
449.2, 862.8
449.4, 857.7
449.6, 855.9
449.8, 852.5
450.0, 846.7
450.2, 843.4
450.4, 842.0
450.6, 836.6
450.8, 833.1
451.0, 827.9
451.2, 820.5
451.4, 813.9
451.6, 800.6
451.8, 792.1
452.0, 792.9
452.2, 784.8
452.4, 785.0
452.6, 782.1
452.8, 776.0
453.0, 771.2
453.2, 766.0
453.4, 765.6
453.6, 760.7
453.8, 754.1
454.0, 745.6
454.2, 739.2
454.4, 729.8
454.6, 724.7
454.8, 717.1
455.0, 710.0
455.2, 707.1
455.4, 697.6
455.6, 697.9
455.8, 691.2
456.0, 681.0
456.2, 672.6
456.4, 669.0
456.6, 665.3
456.8, 659.0
457.0, 650.6
457.2, 642.3
457.4, 634.0
457.6, 632.7
457.8, 625.7
458.0, 619.8
458.2, 611.4
458.4, 607.2
458.6, 601.7
458.8, 596.5
459.0, 591.0
459.2, 584.0
459.4, 581.6
459.6, 574.7
459.8, 573.2
460.0, 567.5
460.2, 560.1
460.4, 553.3
460.6, 549.7
460.8, 541.9
461.0, 535.6
461.2, 530.2
461.4, 526.1
461.6, 517.6
461.8, 511.2
462.0, 506.4
462.2, 498.5
462.4, 494.0
462.6, 485.1
462.8, 482.4
463.0, 478.7
463.2, 472.5
463.4, 467.2
463.6, 465.1
463.8, 459.9
464.0, 457.2
464.2, 452.3
464.4, 445.9
464.6, 442.7
464.8, 440.5
465.0, 434.0
465.2, 432.1
465.4, 426.3
465.6, 422.7
465.8, 417.8
466.0, 412.9
466.2, 410.7
466.4, 406.7
466.6, 399.3
466.8, 395.3
467.0, 390.1
467.2, 385.6
467.4, 385.2
467.6, 379.8
467.8, 377.4
468.0, 373.2
468.2, 368.8
468.4, 365.1
468.6, 363.1
468.8, 359.1
469.0, 358.1
469.2, 355.4
469.4, 353.6
469.6, 349.1
469.8, 344.0
470.0, 342.5
470.2, 339.6
470.4, 337.1
470.6, 334.5
470.8, 331.5
471.0, 328.1
471.2, 323.9
471.4, 322.2
471.6, 319.7
471.8, 315.4
472.0, 315.0
472.2, 311.9
472.4, 309.1
472.6, 305.4
472.8, 303.9
473.0, 301.7
473.2, 299.7
473.4, 297.2
473.6, 297.0
473.8, 294.4
474.0, 293.6
474.2, 292.3
474.4, 292.2
474.6, 289.1
474.8, 287.9
475.0, 283.3
475.2, 281.6
475.4, 278.9
475.6, 275.6
475.8, 275.1
476.0, 272.1
476.2, 270.2
476.4, 268.2
476.6, 267.4
476.8, 265.8
477.0, 263.6
477.2, 259.9
477.4, 257.2
477.6, 256.7
477.8, 256.3
478.0, 254.6
478.2, 253.1
478.4, 251.0
478.6, 250.6
478.8, 249.0
479.0, 246.5
479.2, 246.1
479.4, 243.8
479.6, 242.8
479.8, 240.5
480.0, 240.1
480.2, 237.8
480.4, 236.5
480.6, 235.0
480.8, 234.4
481.0, 233.5
481.2, 232.6
481.4, 228.8
481.6, 226.7
481.8, 224.9
482.0, 223.8
482.2, 223.1
482.4, 221.4
482.6, 216.0
482.8, 216.1
483.0, 215.0
483.2, 212.8
483.4, 213.1
483.6, 209.3
483.8, 208.4
484.0, 207.4
484.2, 206.9
484.4, 204.8
484.6, 203.5
484.8, 201.8
485.0, 202.3
485.2, 198.9
485.4, 199.0
485.6, 195.9
485.8, 193.6
486.0, 192.8
486.2, 191.3
486.4, 190.4
486.6, 188.3
486.8, 188.7
487.0, 187.9
487.2, 186.1
487.4, 184.8
487.6, 184.0
487.8, 182.3
488.0, 181.2
488.2, 179.6
488.4, 178.6
488.6, 175.0
488.8, 175.2
489.0, 172.0
489.2, 172.0
489.4, 171.1
489.6, 168.2
489.8, 163.8
490.0, 162.6
490.2, 160.7
490.4, 159.3
490.6, 158.3
490.8, 156.5
491.0, 153.9
491.2, 154.9
491.4, 153.1
491.6, 153.0
491.8, 149.5
492.0, 148.4
492.2, 147.9
492.4, 145.9
492.6, 143.9
492.8, 143.9
493.0, 144.9
493.2, 143.4
493.4, 142.3
493.6, 140.4
493.8, 139.6
494.0, 137.2
494.2, 135.5
494.4, 133.9
494.6, 131.1
494.8, 130.9
495.0, 128.8
495.2, 127.3
495.4, 125.7
495.6, 123.7
495.8, 124.2
496.0, 121.8
496.2, 119.1
496.4, 119.9
496.6, 118.1
496.8, 117.5
497.0, 116.7
497.2, 117.0
497.4, 116.1
497.6, 114.7
497.8, 113.8
498.0, 111.6
498.2, 109.6
498.4, 108.4
498.6, 107.3
498.8, 105.2
499.0, 104.1
499.2, 101.8
499.4, 100.2
499.6, 99.75
499.8, 98.87
500.0, 97.81
500.2, 97.80
500.4, 96.01
500.6, 94.93
500.8, 94.50
501.0, 93.03
501.2, 92.29
501.4, 90.75
501.6, 89.86
501.8, 87.87
502.0, 87.51
502.2, 84.40
502.4, 83.84
502.6, 81.87
502.8, 81.91
503.0, 80.27
503.2, 81.37
503.4, 79.54
503.6, 77.82
503.8, 78.48
504.0, 78.79
504.2, 79.04
504.4, 78.06
504.6, 77.65
504.8, 76.04
505.0, 75.31
505.2, 74.82
505.4, 75.74
505.6, 74.10
505.8, 73.21
506.0, 72.95
506.2, 73.38
506.4, 71.23
506.6, 70.43
506.8, 69.51
507.0, 68.85
507.2, 67.56
507.4, 67.61
507.6, 67.51
507.8, 67.31
508.0, 66.20
508.2, 66.78
508.4, 65.77
508.6, 64.91
508.8, 65.29
509.0, 64.44
509.2, 63.40
509.4, 63.31
509.6, 62.91
509.8, 61.57
510.0, 60.49
510.2, 60.25
510.4, 59.35
510.6, 59.11
510.8, 58.97
511.0, 57.60
511.2, 57.44
511.4, 57.13
511.6, 57.10
511.8, 57.64
512.0, 56.63
512.2, 56.17
512.4, 55.37
512.6, 54.63
512.8, 54.88
513.0, 53.40
513.2, 52.80
513.4, 52.78
513.6, 51.81
513.8, 50.55
514.0, 50.72
514.2, 50.91
514.4, 50.60
514.6, 50.95
514.8, 50.63
515.0, 50.55
515.2, 49.71
515.4, 49.09
515.6, 49.36
515.8, 49.26
516.0, 47.67
516.2, 47.30
516.4, 47.22
516.6, 46.10
516.8, 45.23
517.0, 44.59
517.2, 43.86
517.4, 43.13
517.6, 42.46
517.8, 41.99
518.0, 41.87
518.2, 41.92
518.4, 42.20
518.6, 42.11
518.8, 41.84
519.0, 41.40
519.2, 40.64
519.4, 40.52
519.6, 40.77
519.8, 41.40
520.0, 40.93
520.2, 41.01
520.4, 40.40
520.6, 40.82
520.8, 40.41
521.0, 39.31
521.2, 39.28
521.4, 38.64
521.6, 38.33
521.8, 37.37
522.0, 36.08
522.2, 34.72
522.4, 33.90
522.6, 34.25
522.8, 34.87
523.0, 34.59
523.2, 34.49
523.4, 33.90
523.6, 33.40
523.8, 32.37
524.0, 32.26
524.2, 32.22
524.4, 31.96
524.6, 31.75
524.8, 31.11
525.0, 31.00
525.2, 30.03
525.4, 29.48
525.6, 29.60
525.8, 29.42
526.0, 29.91
526.2, 29.13
526.4, 29.83
526.6, 29.73
526.8, 29.73
527.0, 29.93
527.2, 29.27
527.4, 28.69
527.6, 28.62
527.8, 27.90
528.0, 27.23
528.2, 27.29
528.4, 27.35
528.6, 27.27
528.8, 26.72
529.0, 26.27
529.2, 25.72
529.4, 25.65
529.6, 25.23
529.8, 24.41
530.0, 24.02
530.2, 23.48
530.4, 23.87
530.6, 23.53
530.8, 22.82
531.0, 23.28
531.2, 24.05
531.4, 24.39
531.6, 24.11
531.8, 23.60
532.0, 24.04
532.2, 22.69
532.4, 22.12
532.6, 21.26
532.8, 21.24
533.0, 21.92
533.2, 21.55
533.4, 21.11
533.6, 21.29
533.8, 21.44
534.0, 21.33
534.2, 21.33
534.4, 20.71
534.6, 20.18
534.8, 20.97
535.0, 20.27
535.2, 20.20
535.4, 19.44
535.6, 19.01
535.8, 19.49
536.0, 19.01
536.2, 18.53
536.4, 17.67
536.6, 17.26
536.8, 17.81
537.0, 18.10
537.2, 17.86
537.4, 17.26
537.6, 17.84
537.8, 17.11
538.0, 16.27
538.2, 16.35
538.4, 15.98
538.6, 16.47
538.8, 16.38
539.0, 16.70
539.2, 16.55
539.4, 16.58
539.6, 16.87
539.8, 16.38
540.0, 15.94
540.2, 15.50
540.4, 14.92
540.6, 15.14
540.8, 15.21
541.0, 14.20
541.2, 14.45
541.4, 14.38
541.6, 13.74
541.8, 13.90
542.0, 13.79
542.2, 13.84
542.4, 13.41
542.6, 13.02
542.8, 13.14
543.0, 12.84
543.2, 12.85
543.4, 12.97
543.6, 12.55
543.8, 13.16
544.0, 12.99
544.2, 13.09
544.4, 12.01
544.6, 12.30
544.8, 11.74
545.0, 11.59
545.2, 11.51
545.4, 11.53
545.6, 11.96
545.8, 11.43
546.0, 11.25
546.2, 11.19
546.4, 11.04
546.6, 11.35
546.8, 10.89
547.0, 10.52
547.2, 11.23
547.4, 11.53
547.6, 10.93
547.8, 11.23
548.0, 10.67
548.2, 9.671
548.4, 10.02
548.6, 10.20
548.8, 9.553
549.0, 9.694
549.2, 9.819
549.4, 9.509
549.6, 9.497
549.8, 8.800
550.0, 8.680
550.2, 8.996
550.4, 9.389
550.6, 8.949
550.8, 8.640
551.0, 8.560
551.2, 9.103
551.4, 8.938
551.6, 8.762
551.8, 8.263
552.0, 8.291
552.2, 8.350
552.4, 7.985
552.6, 7.996
552.8, 7.557
553.0, 7.832
553.2, 8.206
553.4, 8.237
553.6, 8.373
553.8, 7.637
554.0, 8.070
554.2, 7.886
554.4, 7.763
554.6, 7.620
554.8, 7.540
555.0, 7.451
555.2, 7.407
555.4, 7.914
555.6, 7.183
555.8, 7.308
556.0, 6.893
556.2, 7.290
556.4, 6.817
556.6, 6.677
556.8, 6.833
557.0, 6.637
557.2, 6.760
557.4, 7.166
557.6, 6.656
557.8, 6.526
558.0, 6.045
558.2, 6.251
558.4, 5.780
558.6, 5.402
558.8, 5.821
559.0, 5.400
559.2, 6.053
559.4, 5.815
559.6, 5.570
559.8, 5.563
560.0, 5.543
560.2, 6.334
560.4, 6.650
560.6, 6.961
560.8, 6.402
561.0, 6.082
561.2, 5.674
561.4, 5.319
561.6, 5.753
561.8, 5.218
562.0, 5.407
562.2, 5.219
562.4, 4.689
562.6, 5.067
562.8, 5.193
563.0, 5.100
563.2, 4.838
563.4, 4.565
563.6, 4.359
563.8, 4.402
564.0, 3.766
564.2, 3.835
564.4, 3.984
564.6, 4.219
564.8, 4.177
565.0, 4.086
565.2, 4.721
565.4, 4.095
565.6, 4.319
565.8, 4.286
566.0, 3.860
566.2, 4.235
566.4, 4.427
566.6, 5.443
566.8, 5.167
567.0, 4.653
567.2, 4.491
567.4, 4.703
567.6, 4.286
567.8, 4.040
568.0, 4.239
568.2, 4.064
568.4, 3.498
568.6, 3.335
568.8, 3.607
569.0, 3.359
569.2, 3.640
569.4, 3.388
569.6, 3.578
569.8, 3.828
570.0, 3.761
570.2, 4.149
570.4, 3.911
570.6, 3.863
570.8, 3.764
571.0, 3.646
571.2, 3.170
571.4, 3.417
571.6, 3.573
571.8, 3.116
572.0, 3.572
572.2, 3.739
572.4, 3.772
572.6, 3.936
572.8, 3.499
573.0, 3.490
573.2, 3.395
573.4, 3.416
573.6, 3.227
573.8, 3.343
574.0, 3.560
574.2, 3.099
574.4, 3.106
574.6, 3.105
574.8, 2.938
575.0, 2.591
575.2, 2.359
575.4, 2.484
575.6, 2.617
575.8, 2.827
576.0, 2.839
576.2, 3.174
576.4, 3.026
576.6, 2.629
576.8, 2.609
577.0, 2.516
577.2, 2.746
577.4, 2.603
577.6, 3.074
577.8, 2.914
578.0, 2.954
578.2, 3.037
578.4, 2.907
578.6, 2.425
578.8, 2.753
579.0, 2.753
579.2, 2.541
579.4, 2.308
579.6, 2.408
579.8, 2.473
580.0, 2.335
580.2, 1.806
580.4, 2.169
580.6, 2.129
580.8, 2.394
581.0, 2.400
581.2, 2.840
581.4, 2.883
581.6, 2.693
581.8, 2.266
582.0, 2.187
582.2, 1.910
582.4, 2.354
582.6, 2.351
582.8, 2.145
583.0, 2.711
583.2, 2.395
583.4, 2.334
583.6, 2.273
583.8, 2.289
584.0, 2.017
584.2, 2.095
584.4, 1.943
584.6, 1.969
584.8, 1.797
585.0, 2.099
585.2, 2.407
585.4, 2.059
585.6, 1.544
585.8, 2.328
586.0, 2.543
586.2, 2.349
586.4, 2.386
586.6, 2.267
586.8, 1.875
587.0, 1.969
587.2, 1.474
587.4, 1.909
587.6, 1.850
587.8, 2.110
588.0, 2.181
588.2, 2.226
588.4, 2.228
588.6, 2.122
588.8, 1.866
589.0, 1.793
589.2, 1.945
589.4, 1.809
589.6, 1.427
589.8, 1.430
590.0, 1.400
590.2, 1.296
590.4, 1.570
590.6, 1.430
590.8, 1.455
591.0, 1.802
591.2, 1.821
591.4, 2.002
591.6, 1.684
591.8, 1.520
592.0, 1.868
592.2, 2.125
592.4, 2.027
592.6, 1.909
592.8, 1.956
593.0, 1.727
593.2, 1.603
593.4, 1.888
593.6, 1.908
593.8, 1.776
594.0, 1.646
594.2, 1.641
594.4, 1.559
594.6, 1.426
594.8, 1.245
595.0, 1.059
595.2, 1.322
595.4, 1.400
595.6, 1.483
595.8, 1.298
596.0, 1.692
596.2, 1.851
596.4, 2.681
596.6, 2.189
596.8, 2.468
597.0, 2.504
597.2, 2.451
597.4, 1.877
597.6, 2.046
597.8, 1.919
598.0, 1.669
598.2, 2.100
598.4, 1.602
598.6, 1.519
598.8, 1.235
599.0, 1.328
599.2, 1.254
599.4, 1.232
599.6, 1.000
599.8, 1.150
600.0, 1.199
600.2, 1.413
600.4, 1.723
600.6, 1.845
600.8, 2.229
601.0, 2.163
601.2, 2.076
601.4, 2.302
601.6, 2.128
601.8, 2.045
602.0, 2.030
602.2, 1.904
602.4, 1.877
602.6, 1.797
602.8, 1.526
603.0, 2.074
603.2, 1.878
603.4, 1.583
603.6, 1.806
603.8, 1.662
604.0, 1.732
604.2, 1.920
604.4, 1.434
604.6, 1.643
604.8, 1.634
605.0, 1.917
605.2, 1.754
605.4, 1.826
605.6, 1.929
605.8, 1.989
606.0, 1.670
606.2, 1.603
606.4, 1.266
606.6, 0.994
606.8, 0.823
607.0, 0.826
607.2, 0.978
607.4, 0.870
607.6, 1.017
607.8, 1.418
608.0, 1.277
608.2, 1.048
608.4, 1.035
608.6, 1.205
608.8, 1.275
609.0, 1.361
609.2, 1.029
609.4, 1.026
609.6, 0.814
609.8, 1.326
610.0, 1.377
610.2, 1.453
610.4, 1.142
610.6, 1.118
610.8, 0.993
611.0, 0.922
611.2, 1.065
611.4, 1.075
611.6, 1.215
611.8, 1.515
612.0, 1.307
612.2, 1.334
612.4, 1.070
612.6, 1.348
612.8, 1.526
613.0, 1.574
613.2, 1.582
613.4, 1.428
613.6, 1.411
613.8, 1.606
614.0, 1.509
614.2, 1.363
614.4, 1.107
614.6, 0.981
614.8, 0.738
615.0, 1.174
615.2, 1.085
615.4, 1.336
615.6, 1.331
615.8, 1.218
616.0, 1.068
616.2, 0.957
616.4, 1.125
616.6, 1.342
616.8, 1.795
617.0, 1.488
617.2, 1.504
617.4, 1.280
617.6, 1.489
617.8, 1.438
618.0, 1.212
618.2, 1.116
618.4, 1.482
618.6, 1.278
618.8, 1.167
619.0, 0.939
619.2, 1.133
619.4, 1.174
619.6, 1.289
619.8, 1.055
620.0, 1.510
620.2, 1.413
620.4, 1.167
620.6, 1.484
620.8, 1.940
621.0, 1.616
621.2, 1.542
621.4, 1.252
621.6, 1.010
621.8, 1.122
622.0, 0.826
622.2, 0.771
622.4, 0.805
622.6, 0.690
622.8, 0.923
623.0, 0.929
623.2, 0.886
623.4, 0.759
623.6, 0.623
623.8, 1.167
624.0, 0.896
624.2, 0.833
624.4, 0.719
624.6, 1.474
624.8, 1.322
625.0, 1.327
625.2, 1.297
625.4, 1.371
625.6, 1.399
625.8, 1.649
626.0, 1.481
626.2, 1.557
626.4, 1.624
626.6, 1.661
626.8, 1.537
627.0, 1.486
627.2, 1.603
627.4, 1.279
627.6, 1.573
627.8, 1.604
628.0, 1.449
628.2, 1.641
628.4, 1.457
628.6, 1.477
628.8, 1.580
629.0, 1.423
629.2, 1.134
629.4, 1.406
629.6, 1.505
629.8, 1.532
630.0, 1.566
630.2, 1.661
630.4, 1.459
630.6, 2.050
630.8, 1.680
631.0, 1.337
631.2, 1.676
631.4, 1.826
631.6, 1.847
631.8, 1.922
632.0, 1.643
632.2, 1.357
632.4, 1.151
632.6, 1.021
632.8, 1.003
633.0, 0.906
633.2, 1.187
633.4, 0.958
633.6, 0.753
633.8, 0.847
634.0, 0.972
634.2, 0.981
634.4, 0.883
634.6, 1.052
634.8, 1.278
635.0, 0.944
635.2, 0.975
635.4, 1.726
635.6, 1.356
635.8, 1.032
636.0, 1.254
636.2, 1.560
636.4, 1.664
636.6, 1.880
636.8, 1.525
637.0, 1.307
637.2, 1.092
637.4, 1.029
637.6, 1.202
637.8, 1.020
638.0, 0.822
638.2, 0.731
638.4, 0.865
638.6, 1.241
638.8, 1.183
639.0, 1.425
639.2, 1.021
639.4, 0.888
639.6, 1.077
639.8, 1.000
640.0, 1.063
640.2, 1.495
640.4, 1.424
640.6, 1.355
640.8, 1.095
641.0, 1.356
641.2, 1.594
641.4, 1.509
641.6, 1.429
641.8, 1.397
642.0, 1.505
642.2, 1.765
642.4, 1.453
642.6, 1.236
642.8, 1.195
643.0, 1.069
643.2, 1.270
643.4, 0.990
643.6, 0.706
643.8, 0.639
644.0, 0.670
644.2, 0.904
644.4, 1.088
644.6, 1.119
644.8, 0.918
645.0, 0.974
645.2, 1.426
645.4, 1.345
645.6, 1.300
645.8, 1.235
646.0, 1.115
646.2, 1.003
646.4, 1.284
646.6, 1.330
646.8, 1.566
647.0, 1.454
647.2, 1.389
647.4, 1.244
647.6, 1.269
647.8, 1.278
648.0, 1.231
648.2, 1.159
648.4, 0.980
648.6, 1.145
648.8, 1.134
649.0, 1.130
649.2, 1.334
649.4, 1.342
649.6, 1.138
649.8, 1.436
650.0, 1.379
