200, 0.00752892459427912
201, 0.0171888495263729
202, 0.0149357709398665
203, 0.00693705008608101
204, 0.00530747680377638
205, 0.00922287963705904
206, 0.0174617074949434
207, 0.00773516846814752
208, 0.0100427497486528
209, 0.00882736272095579
210, 0.0164593848764657
211, 0.0220374479117326
212, 0.00700005131905576
213, 0.00838567159102186
214, 0.00632246259994778
215, 0.00721993364108780
216, 0.00838254837801405
217, 0.00656050393894981
218, 0.0178023852071455
219, 0.00941384535076679
220, 0.00782067868110907
221, 0.00716078780106282
222, 0.00501892282924394
223, 0.00422854823067240
224, 0.00505632681293649
225, 0.00729831849408778
226, 0.00659128587669358
227, 0.00654315156432076
228, 0.00612292771322054
229, 0.00980295846257059
230, 0.00447812034707635
231, 0.00617104110518726
232, 0.00479823938990613
233, 0.00739940868200051
234, 0.00606656526740379
235, 0.00367226122508768
236, 0.00405762557071023
237, 0.00485019676829122
238, 0.00419834837373761
239, 0.00434952262791725
240, 0.00462580856006543
241, 0.00547147376612659
242, 0.00576735976261608
243, 0.00414435771615815
244, 0.00494148337966073
245, 0.00372199153140639
246, 0.00384918059287451
247, 0.00343048772169674
248, 0.00310899103394905
249, 0.00337275149000856
250, 0.00296408519410493
251, 0.00273655629216756
252, 0.00219837940765016
253, 0.00182596743902221
254, 0.00162586788030653
255, 0.00156079981739664
256, 0.00160609286233926
257, 0.00139663498367187
258, 0.00136366913754748
259, 0.00148057693479711
260, 0.00134661608253738
261, 0.00136956942953146
262, 0.00139141549579727
263, 0.00135857602991900
264, 0.00131153673680421
265, 0.00128378706121169
266, 0.00128205324078254
267, 0.00126607401375521
268, 0.00122603924166691
269, 0.00121728604333155
270, 0.00125036419995244
271, 0.00125834720459256
272, 0.00117427611918242
273, 0.00122937270104019
274, 0.00119329355780777
275, 0.00111183761349062
276, 0.00112132104025154
277, 0.00112258317191029
278, 0.00109200668310196
279, 0.00111243622951105
280, 0.00107150463983013
281, 0.00111044573691317
282, 0.00110720147266029
283, 0.00117424134829105
284, 0.00115979272371764
285, 0.00115683207688655
286, 0.00115024403287952
287, 0.00108793839194361
288, 0.00106765335512601
289, 0.00113196662492750
290, 0.00109744723819356
291, 0.00115291506739552
292, 0.00114714001460962
293, 0.00106210506476073
294, 0.00109330237944346
295, 0.00107572713238036
296, 0.00120218786870019
297, 0.00111845803418951
298, 0.00111952933876239
299, 0.00115925306961438
300, 0.00110586686883088
301, 0.00108682493687973
302, 0.00113383155932209
303, 0.00114661177958376
304, 0.00118386776094618
305, 0.00115637366853007
306, 0.00110873596728694
307, 0.00108761896541631
308, 0.00115992191758586
309, 0.00117563227447301
310, 0.00117726389267626
311, 0.00116442096690049
312, 0.00111474518531836
313, 0.00106786641270632
314, 0.00108078051847924
315, 0.00123263474525332
316, 0.00115821557318028
317, 0.00124703992655045
318, 0.00117000993417486
319, 0.00117439245767677
320, 0.00111825419769601
321, 0.00115670680226330
322, 0.00109326208982110
323, 0.00127548598315790
324, 0.00128027322424210
325, 0.00128841921324811
326, 0.00129124474076831
327, 0.00130097992769328
328, 0.00130367486520987
329, 0.00134481065090416
330, 0.00128878232779505
331, 0.00138784752446835
332, 0.00135471892826550
333, 0.00138495302534465
334, 0.00143193916698377
335, 0.00143044172315674
336, 0.00144649452549912
337, 0.00145030393643736
338, 0.00147319213595795
339, 0.00150693747509669
340, 0.00152763379817743
341, 0.00157530276811813
342, 0.00155829403116408
343, 0.00158498481780741
344, 0.00159771902087358
345, 0.00165745436155602
346, 0.00174427025542196
347, 0.00198764985512641
348, 0.00245779507838790
349, 0.00306149698110910
350, 0.00376305912602432
351, 0.00454583763713960
352, 0.00538914753261796
353, 0.00631706584901524
354, 0.00726494690029701
355, 0.00818604244735523
356, 0.00903966610194950
357, 0.00981996137205056
358, 0.0105470874997382
359, 0.0112206592035120
360, 0.0117949765809954
361, 0.0122770800716929
362, 0.0126524214298904
363, 0.0129668718333953
364, 0.0132022777637917
365, 0.0133922206190829
366, 0.0135280563971016
367, 0.0136476985744911
368, 0.0137327827383053
369, 0.0138211223602770
370, 0.0139072780909362
371, 0.0139944071682650
372, 0.0140772875001780
373, 0.0141578387020439
374, 0.0142299952805489
375, 0.0142831672599594
376, 0.0143482645023646
377, 0.0144046490960694
378, 0.0144871577025531
379, 0.0145823825678681
380, 0.0146823618578612
381, 0.0147716768664260
382, 0.0148571474526169
383, 0.0149389884058962
384, 0.0150060032456879
385, 0.0150645964804050
386, 0.0151359897611938
387, 0.0152124235760971
388, 0.0152787835877809
389, 0.0154044530024350
390, 0.0154562142667061
391, 0.0155374179918746
392, 0.0156214262417278
393, 0.0157374405235639
394, 0.0157991743669535
395, 0.0159074558956307
396, 0.0159840056972715
397, 0.0160413994203291
398, 0.0161523317404638
399, 0.0162488686581248
400, 0.0163188881591948
401, 0.0163979334569168
402, 0.0164851846320681
403, 0.0165602706798285
404, 0.0166374823063433
405, 0.0167181889828373
406, 0.0168369401041538
407, 0.0169170736349198
408, 0.0169479448662086
409, 0.0170263608060658
410, 0.0171440584665004
411, 0.0172066776829494
412, 0.0172750516360881
413, 0.0173746315529359
414, 0.0174892701103095
415, 0.0175408614895678
416, 0.0176053747711040
417, 0.0176723187133984
418, 0.0177761171975509
419, 0.0178606871544804
420, 0.0179266850075636
421, 0.0180172463578415
422, 0.0181618343884531
423, 0.0183026296897882
424, 0.0183621741921310
425, 0.0184574125779259
426, 0.0184972476209109
427, 0.0185460878843870
428, 0.0186977505198908
429, 0.0187504614588963
430, 0.0188953927430014
431, 0.0190440950387367
432, 0.0191406835234084
433, 0.0191507452712834
434, 0.0191910443508787
435, 0.0193418124662812
436, 0.0194280018939260
437, 0.0194985854231230
438, 0.0195661101598349
439, 0.0196770606275560
440, 0.0197738379423293
441, 0.0197772873421396
442, 0.0199484211788063
443, 0.0200631438394405
444, 0.0201261443266361
445, 0.0202088944867303
446, 0.0202668152327580
447, 0.0203922843384596
448, 0.0204762446145396
449, 0.0205275487277497
450, 0.0206234886097401
451, 0.0207440362525901
452, 0.0207984658169052
453, 0.0208846618488686
454, 0.0209204810690098
455, 0.0210550283398929
456, 0.0211493912367654
457, 0.0212173999025429
458, 0.0213359780707851
459, 0.0214637096659888
460, 0.0216785721340205
461, 0.0217765893453079
462, 0.0218083101133834
463, 0.0217500151202870
464, 0.0218462701687163
465, 0.0220206995215268
466, 0.0222485473095145
467, 0.0223750447483599
468, 0.0223881166875559
469, 0.0225018213219629
470, 0.0224433408847365
471, 0.0224943001627775
472, 0.0224513998912000
473, 0.0225480589185180
474, 0.0227110013118549
475, 0.0227666746873698
476, 0.0228764499077261
477, 0.0231133933247056
478, 0.0230686663306740
479, 0.0231774868289011
480, 0.0232811678825267
481, 0.0234160838084121
482, 0.0235399715321562
483, 0.0235466457499208
484, 0.0236371910000670
485, 0.0230628248086862
486, 0.0241410681698174
487, 0.0255298084673874
488, 0.0254245701523205
489, 0.0243037066519220
490, 0.0242357574560778
491, 0.0242954730012731
492, 0.0243584147832277
493, 0.0244220982718090
494, 0.0246483151967648
495, 0.0247406697246751
496, 0.0247288693617446
497, 0.0250336707442148
498, 0.0249807776013430
499, 0.0249206500158754
500, 0.0252775632007569
501, 0.0252231465259634
502, 0.0253709092230639
503, 0.0254836864287366
504, 0.0256996030474233
505, 0.0255238463246771
506, 0.0256887541589680
507, 0.0259940232013153
508, 0.0258478329189168
509, 0.0260126083732970
510, 0.0260100083173940
511, 0.0260900801826728
512, 0.0261159651550234
513, 0.0263615588047901
514, 0.0264744319918069
515, 0.0264428663345013
516, 0.0265080789047280
517, 0.0267737255312878
518, 0.0268651784168005
519, 0.0268164259451657
520, 0.0271663448035899
521, 0.0270103422573505
522, 0.0270812054978739
523, 0.0271545733497440
524, 0.0273257994537713
525, 0.0274701691052705
526, 0.0274443981260148
527, 0.0276863099817522
528, 0.0276262081843576
529, 0.0277252760331034
530, 0.0280284565264684
531, 0.0280520529795222
532, 0.0278019821224302
533, 0.0278445375129096
534, 0.0283151996291857
535, 0.0285769922485470
536, 0.0289556378416709
537, 0.0288151078545415
538, 0.0286071814724461
539, 0.0288670135977580
540, 0.0291521228464432
541, 0.0290551546942615
542, 0.0292015054246305
543, 0.0294439354299657
544, 0.0292576645348438
545, 0.0296044357717232
546, 0.0300174869452192
547, 0.0293592088361629
548, 0.0295507735534329
549, 0.0302501519051539
550, 0.0302827063654935
551, 0.0300537730139120
552, 0.0301008540919999
553, 0.0302492476696714
554, 0.0306616829932793
555, 0.0304076031534430
556, 0.0306449010217796
557, 0.0309581261297177
558, 0.0311108631876927
559, 0.0311254645893723
560, 0.0307188725511639
561, 0.0311906642821985
562, 0.0316908782992322
563, 0.0316389893110047
564, 0.0315539288004484
565, 0.0320032728225499
566, 0.0321287000674711
567, 0.0317817435704719
568, 0.0320790215046901
569, 0.0320770255122757
570, 0.0325072376619527
571, 0.0328614502503941
572, 0.0336847451881536
573, 0.0333492559518543
574, 0.0330533784687849
575, 0.0341767441950292
576, 0.0339059938486333
577, 0.0334436308297124
578, 0.0342408172478625
579, 0.0351338125823677
580, 0.0342176616089860
581, 0.0337172509988401
582, 0.0349147671412325
583, 0.0370915825061129
584, 0.0348726561969896
585, 0.0342012143929607
586, 0.0359174309538822
587, 0.0350871613491172
588, 0.0352473017756478
589, 0.0365061582540641
590, 0.0357943399344897
591, 0.0358077560483714
592, 0.0348428612287792
593, 0.0345828446864837
594, 0.0359830851089118
595, 0.0354657185970915
596, 0.0363468244816091
597, 0.0357553215953879
598, 0.0354072588026441
599, 0.0356962770590789
600, 0.0360843048851126
601, 0.0363152306692761
602, 0.0363083298699197
603, 0.0358836097357878
604, 0.0371391761271047
605, 0.0366387217977377
606, 0.0369377422124014
607, 0.0371022602793848
608, 0.0370535551458547
609, 0.0372413790545770
610, 0.0366672887840468
611, 0.0374770672988255
612, 0.0375204513820333
613, 0.0373038166687681
614, 0.0376848067311854
615, 0.0377576614996670
616, 0.0384430154698232
617, 0.0382871721432855
618, 0.0378605734337377
619, 0.0385602569086058
620, 0.0378475673506443
621, 0.0393501095384711
622, 0.0378876105518783
623, 0.0379685848029409
624, 0.0385368710085692
625, 0.0395349848245236
626, 0.0395633787711388
627, 0.0383291192632250
628, 0.0397947888570478
629, 0.0378648757759414
630, 0.0391999399546951
631, 0.0399025941894797
632, 0.0394253990937247
633, 0.0396756926810822
634, 0.0397625896588072
635, 0.0395756992917945
636, 0.0394523255194359
637, 0.0411548250265824
638, 0.0397494585983526
639, 0.0404852056736401
640, 0.0404549345667653
641, 0.0412915281449131
642, 0.0417145276138629
643, 0.0417321761012811
644, 0.0411570567516067
645, 0.0415696375801172
646, 0.0408558117438862
647, 0.0393778412041877
648, 0.0403421624719750
649, 0.0406898327609860
650, 0.0426588793331753
651, 0.0403427581041365
652, 0.0416519546313998
653, 0.0424317827914158
654, 0.0449976184141047
655, 0.0312842307897628
656, 0.0413137548359263
657, 0.0627747029178255
658, 0.0651045140091588
659, 0.0454982983199806
660, 0.0474848889239553
661, 0.0422119818316268
662, 0.0409264325070568
663, 0.0450025840204843
664, 0.0440850805575349
665, 0.0435556932288440
666, 0.0442855788364426
667, 0.0442744559756472
668, 0.0426691385473280
669, 0.0430977948223426
670, 0.0451159783740241
671, 0.0432365789310951
672, 0.0433240571724926
673, 0.0458073001799772
674, 0.0440227877660876
675, 0.0457343069331773
676, 0.0447728742484974
677, 0.0451888032884136
678, 0.0443260988905447
679, 0.0445712938404965
680, 0.0454610532503437
681, 0.0448613823481516
682, 0.0460273745334613
683, 0.0443909123128690
684, 0.0442194263548291
685, 0.0445795113234186
686, 0.0457555215279406
687, 0.0454714939260317
688, 0.0460681167786721
689, 0.0455107269086423
690, 0.0460901087533781
691, 0.0449864313285344
692, 0.0462365818825255
693, 0.0452651629538081
694, 0.0464732963369583
695, 0.0462141373135129
696, 0.0457327759630991
697, 0.0452811412642640
698, 0.0473796570904027
699, 0.0461164022551353
700, 0.0476687183995245
701, 0.0462042123478586
702, 0.0459217040245866
703, 0.0475167645161343
704, 0.0468075949983981
705, 0.0474195374950431
706, 0.0459662027888931
707, 0.0461379728964227
708, 0.0474952891840321
709, 0.0477338416080191
710, 0.0474813406427860
711, 0.0482597692620683
712, 0.0483338705227396
713, 0.0473108261745954
714, 0.0472451357389158
715, 0.0474570121890816
716, 0.0493490473801592
717, 0.0473767817153098
718, 0.0472877359988658
719, 0.0476318221135368
720, 0.0472391729443168
721, 0.0477715643717358
722, 0.0495682978883908
723, 0.0485525413994517
724, 0.0497360328351129
725, 0.0479391972377718
726, 0.0483118212766909
727, 0.0476101597417478
728, 0.0490244440930185
729, 0.0496481893177993
730, 0.0492436533001488
731, 0.0492317635982895
732, 0.0496637110084540
733, 0.0490539290824025
734, 0.0493251719808128
735, 0.0494101774784119
736, 0.0487106821111039
737, 0.0506953777607617
738, 0.0492199683872853
739, 0.0483129318068291
740, 0.0498700208921051
741, 0.0486761444847308
742, 0.0497376624858614
743, 0.0502573016645491
744, 0.0494790740634181
745, 0.0501485488907136
746, 0.0484762205095442
747, 0.0494441543542692
748, 0.0511119796623230
749, 0.0493338107731290
750, 0.0508746295770794
751, 0.0494299320519545
752, 0.0510054032980956
753, 0.0488111015360047
754, 0.0521127559866041
755, 0.0495071350291872
756, 0.0512329280954267
757, 0.0511776540972844
758, 0.0506714037369786
759, 0.0502904175743054
760, 0.0511903105019734
761, 0.0519997924075517
762, 0.0493708048460827
763, 0.0507587594134080
764, 0.0515426794894141
765, 0.0523136058005799
766, 0.0505812580705074
767, 0.0506270881577545
768, 0.0513045970189372
769, 0.0540389775627286
770, 0.0512301423635840
771, 0.0528913344028428
772, 0.0528214974569857
773, 0.0525680441526602
774, 0.0525041019494790
775, 0.0530619451024039
776, 0.0538649034355721
777, 0.0526856262265434
778, 0.0535552407733269
779, 0.0552874904826418
780, 0.0527573450370079
781, 0.0541677495109045
782, 0.0528170047774868
783, 0.0529225803708360
784, 0.0530137628967736
785, 0.0519862380696649
786, 0.0544213979170852
787, 0.0547324155787554
788, 0.0537114734461786
789, 0.0549755701832891
790, 0.0529122292596532
791, 0.0543106275911127
792, 0.0541798869524827
793, 0.0530683347631101
794, 0.0549556669657511
795, 0.0552144226599447
796, 0.0501009164430492
797, 0.0562771776258848
798, 0.0582606361270299
799, 0.0561403853792820
800, 0.0549895109877915